00100e13
00000293
0002807f
0002907f
40000113
00000313
900000b7
00008093
0020837b
0200007f
00030087
10001067
20000313
900010b7
80008093
0020837b
0200007f
00030107
10001067
40000313
900010b7
00008093
0020837b
0200007f
00030007
10001067
00004077
10001067
14002077
10001067
10001077
10001067
90041157
10001067
07f07183
891060d7
10001067
00008437
00040413
00042087
10001067
00020537
00050513
000205b7
20058593
00020637
40060613
00000693
02000713
00052803
00801067
01062023
0005a883
00801067
01162823
00452803
00801067
01062223
0045a883
00801067
01162a23
00852803
00801067
01062423
0085a883
00801067
01162c23
00c52803
00801067
01062623
00c5a883
00801067
01162e23
01050513
01058593
02060613
00168693
fce6c4e3
00000013
10001067
00008337
10030313
00030087
10001067
02000077
10001067
16002077
10001067
12001077
10001067
00010437
00040413
00043007
10001067
900021b7
00018193
022411fb
0200107f
00010437
10040413
00043087
10001067
900021b7
40018193
022411fb
0200107f
00100093
c1009073
00000073
