00100e13
00000293
0002807f
0002907f
40000113
00000313
900000b7
00008093
0020837b
0200007f
00030007
10001067
20000313
900010b7
80008093
0020837b
0200007f
00030087
10001067
00002077
10001067
14000077
10001067
10001177
10001067
40000313
900010b7
00008093
0020837b
0200007f
00031207
10001067
50000313
900010b7
40008093
0020837b
0200007f
00031287
10001067
01245057
10001067
90041157
10001067
07f07183
89106057
10001067
00008437
00040413
00042007
10001067
00020537
00050513
000205b7
20058593
00020637
40060613
00000693
02000713
00052803
00801067
01062023
0005a883
00801067
01162823
00452803
00801067
01062223
0045a883
00801067
01162a23
00852803
00801067
01062423
0085a883
00801067
01162c23
00c52803
00801067
01062623
00c5a883
00801067
01162e23
01050513
01058593
02060613
00168693
fce6c4e3
00000013
10001067
00008337
10030313
00030007
10001067
60000313
900020b7
80008093
0020837b
0200007f
00030087
10001067
02002077
10001067
16000077
10001067
12001077
10001067
00001337
80030313
900020b7
00008093
0020837b
0200007f
00031107
10001067
00001337
90030313
900020b7
40008093
0020837b
0200007f
00031187
10001067
01141257
10001067
00010437
00040413
00043207
10001067
900101b7
00018193
022411fb
0200107f
00010437
10040413
00043287
10001067
900101b7
40018193
022411fb
0200107f
00100093
c1009073
00000073
